3427365
3427366
3427367
3427368
3427369
3427370
3427371
3427372
3427373
3427374
3427375
3427376
3427377
3427378
3427379
3427380
3427381
3427382
3427383
3427384
3427385
3427386
3427387
3427388
3427389
3427390
3427391
3427392
3427393
3427394
3427395
3427396
3427397
3427398
3427399
3427400
3427401
3427402
3427403
3427404
3427405
3427406
3427407
3427408
3427409
3427410
3427411
3427412
3427413
3427414
3427415
3427416
3427417
3427418
3427419
3427420
3427421
3427422
3427423
3427424
3427425
3427427
3427428
3427429
3427430
3427431
3427432
3427433
3427434
3427435
3427436
3427437
3427438
3427439
3427440
3427441
3427442
3427443
3427444
3427445
3427446
3427447
3427448
3427449
