3427270
3427271
3427272
3427273
3427274
3427275
3427276
3427277
3427278
3427279
3427280
3427281
3427282
3427283
3427284
3427285
3427286
3427287
3427288
3427289
3427290
3427291
3427292
3427293
3427294
3427295
3427296
3427297
3427298
3427299
3427300
3427301
3427302
3427303
3427304
3427305
3427306
3427307
3427308
3427309
3427310
3427311
3427312
3427313
3427314
3427315
3427316
3427317
3427318
3427319
3427320
3427321
3427322
3427323
3427324
3427325
3427326
3427327
3427328
3427329
3427330
3427331
3427332
3427333
3427334
3427335
3427336
3427337
3427338
3427339
3427340
3427341
3427342
3427343
3427344
3427345
3427346
3427347
3427348
3427349
3427350
3427351
3427352
3427353
3427354
